Resultados del algoritmo con heap:
i = 10
  j = 16: [ 0.00502341 0.00497993 0.00502847 0.00503834 0.00504458 0.00502083 0.00503015 0.00507435 0.00515262 0.00504113 0.00509407 0.00511747 0.00507694 0.0050673 0.00511151 0.00512135 0.0050691 0.00510908 0.0050906 0.00505878 0.00523796 0.00515827 0.00508227 0.00506854 0.00508031 0.00510536 0.00519686 0.00519927 0.00509764 0.00543443 0.00512447 0.00506968 0.00522025 0.00506246 0.00515652 0.00510648 0.00511368 0.00509967 0.00528591 0.00509856 0.00512269 0.00511122 0.00502197 0.00506146 0.005063 0.00511867 0.00509076 0.0050858 0.00509894 0.00513754 ]
  j = 17: [ 0.00961939 0.00988884 0.0102075 0.010115 0.00998094 0.00954341 0.00983487 0.00961476 0.0094628 0.00954034 0.00943553 0.00952091 0.00960456 0.00962159 0.00961545 0.0104623 0.00963342 0.00954376 0.00954641 0.00954867 0.0094587 0.00961088 0.00963591 0.00955523 0.00978497 0.00959878 0.00961312 0.00963875 0.00953462 0.0100931 0.00962892 0.0100158 0.00962671 0.009949 0.00961933 0.0169128 0.00989607 0.0143193 0.00962531 0.00982822 0.00949053 0.00950439 0.00943031 0.00972133 0.00959412 0.00968083 0.00959679 0.00981161 0.00945414 0.00998746 ]
  j = 18: [ 0.0225251 0.0253318 0.0218465 0.0217194 0.0226881 0.0215547 0.0230661 0.0256725 0.0232099 0.0228655 0.0223835 0.0226297 0.0223354 0.0213667 0.0254919 0.0221516 0.0245844 0.0214032 0.02209 0.0219603 0.0220008 0.0218015 0.0234065 0.0232724 0.0221385 0.021585 0.0219576 0.0225982 0.0223266 0.0236854 0.0214871 0.0224589 0.0223969 0.0236372 0.0233816 0.022084 0.0221303 0.0219157 0.0234844 0.0219172 0.0218772 0.0225348 0.0214677 0.0221995 0.0222077 0.0219963 0.0224923 0.0214221 0.0235268 0.0233252 ]
  j = 19: [ 0.0622804 0.0714641 0.0649704 0.062923 0.067455 0.0632873 0.0613817 0.0643473 0.0639776 0.0650034 0.0834239 0.0623613 0.0613399 0.0624263 0.0644909 0.0646836 0.0665216 0.0664348 0.065387 0.062636 0.0629278 0.0636332 0.063743 0.0653969 0.0634642 0.0634345 0.0637835 0.0651809 0.0671439 0.0635471 0.0650992 0.0657918 0.0637071 0.0652292 0.064416 0.0648508 0.0630553 0.0640429 0.0641248 0.0674825 0.0630356 0.075663 0.0714454 0.0712514 0.0692772 0.106808 0.0742406 0.104633 0.0643375 0.0642156 ]
  j = 20: [ 0.0677637 0.0668986 0.0781643 0.0719689 0.0681223 0.0698691 0.0688315 0.0682132 0.0649381 0.0675402 0.0650217 0.0720216 0.0711387 0.0769262 0.0645407 0.0712139 0.0664999 0.0704501 0.0641601 0.0647933 0.0651977 0.064059 0.0669628 0.0708929 0.0951699 0.0648284 0.0698101 0.063104 0.0638476 0.0764251 0.0644223 0.0685489 0.064733 0.0614982 0.0649266 0.0648073 0.0731428 0.0626263 0.0631955 0.0628483 0.0636031 0.0689588 0.0662222 0.109031 0.077812 0.0647779 0.0636299 0.0635121 0.0703441 0.064908 ]
  j = 21: [ 0.0642653 0.0689958 0.0654901 0.0619021 0.0715909 0.0681413 0.0760882 0.0685247 0.0778286 0.0723474 0.069147 0.0639659 0.0630794 0.0667772 0.0628012 0.0635736 0.0660482 0.0679209 0.0651303 0.0594483 0.0636482 0.0669602 0.0679363 0.0727504 0.0650129 0.0593191 0.0637139 0.0645631 0.0616461 0.0653315 0.0643082 0.0683302 0.0669124 0.0626431 0.0625334 0.0669736 0.0624081 0.0696524 0.0642213 0.0640405 0.0636878 0.062378 0.067046 0.0639912 0.0626527 0.0644419 0.0593085 0.0714634 0.0654157 0.066005 ]
  j = 22: [ 0.0620822 0.0630119 0.0664683 0.0623939 0.063328 0.074204 0.0660466 0.0664061 0.0859846 0.0666668 0.0732693 0.0641926 0.0659573 0.0648857 0.0637599 0.245359 0.0894243 0.0714956 0.07231 0.0740319 0.0674405 0.0746565 0.0696826 0.0667218 0.0654996 0.0660987 0.0698556 0.0674143 0.0718317 0.0654112 0.0686695 0.065956 0.066438 0.0699277 0.079428 0.0762692 0.0666056 0.0651944 0.0693552 0.065975 0.0694016 0.0647947 0.0668495 0.0684407 0.0654061 0.0698941 0.0685142 0.0658725 0.0656212 0.0668642 ]
i = 12
  j = 16: [ 0.00880976 0.00859079 0.00900966 0.00857325 0.00849356 0.00838522 0.00971979 0.00849896 0.0085619 0.00838057 0.00856426 0.00838015 0.00838966 0.00831781 0.00840818 0.0082886 0.00832555 0.00841776 0.00844658 0.00837017 0.00843465 0.00839006 0.00831415 0.00837138 0.00843904 0.00882042 0.00834628 0.00836453 0.00848004 0.00863989 0.00832225 0.00843076 0.00840294 0.00844711 0.00849044 0.00830299 0.00848634 0.0105301 0.00839526 0.00834531 0.00843009 0.00841076 0.00857638 0.00834438 0.0083431 0.00826966 0.00840669 0.00838644 0.00833364 0.00831202 ]
  j = 17: [ 0.0148443 0.0136967 0.014094 0.0137813 0.0138567 0.0136534 0.0140032 0.0138555 0.0139524 0.0138764 0.0204297 0.0137609 0.01371 0.0134428 0.014603 0.0136315 0.0135335 0.0132741 0.0135035 0.0136668 0.0134354 0.0134848 0.0133896 0.0164164 0.0144047 0.0138924 0.0140272 0.0135092 0.013705 0.0137958 0.0137933 0.0136419 0.0138503 0.013787 0.0137812 0.0136708 0.0138535 0.0138874 0.0135038 0.0134247 0.0140714 0.0143401 0.0134367 0.0134481 0.0137179 0.0137972 0.013617 0.0133752 0.0139776 0.0138046 ]
  j = 18: [ 0.028036 0.028395 0.0290402 0.0283304 0.0264541 0.0285013 0.0290199 0.0275884 0.0296723 0.0280657 0.0270582 0.0308093 0.0271985 0.0296194 0.0280795 0.0284295 0.0281665 0.0277297 0.0275538 0.0267719 0.0276321 0.0362424 0.0272828 0.0275332 0.0268303 0.0263418 0.0338778 0.0286145 0.0298812 0.0269679 0.0267857 0.0303109 0.0287534 0.0288223 0.0289302 0.0274237 0.0270537 0.0277005 0.0352359 0.0265811 0.0277649 0.0265945 0.0265248 0.0270723 0.0303945 0.0274073 0.0283963 0.0281784 0.0297772 0.0279496 ]
  j = 19: [ 0.0688651 0.0740226 0.0711284 0.0698052 0.0725467 0.0740731 0.0661621 0.0691067 0.0687966 0.0712428 0.0688346 0.0673191 0.0666687 0.0684762 0.0725834 0.0708477 0.0719843 0.0730539 0.0719547 0.0711891 0.0721254 0.0753461 0.0695535 0.0704293 0.0729433 0.0729216 0.0711092 0.069295 0.0713812 0.070777 0.0721275 0.0685335 0.0689946 0.0682156 0.0734547 0.0683996 0.0692561 0.069843 0.0717431 0.0720824 0.071123 0.0758274 0.0692884 0.0709874 0.0703549 0.0722175 0.0740243 0.0717009 0.069249 0.0686379 ]
  j = 20: [ 0.163204 0.163154 0.16331 0.162386 0.16143 0.163518 0.163723 0.163491 0.163206 0.16574 0.166774 0.168743 0.165362 0.162646 0.162964 0.166186 0.162937 0.171013 0.163847 0.160732 0.163112 0.161573 0.163826 0.164256 0.164766 0.164538 0.166619 0.164979 0.163161 0.158477 0.168572 0.16537 0.166231 0.164285 0.163497 0.164462 0.16695 0.167163 0.164994 0.161887 0.164684 0.161254 0.161701 0.16053 0.161577 0.161278 0.1596 0.169566 0.1658 0.161119 ]
  j = 21: [ 0.359796 0.360881 0.368528 0.357382 0.358593 0.355639 0.356089 0.35712 0.355704 0.357134 0.355403 0.352734 0.355208 0.355129 0.354855 0.356104 0.354155 0.353375 0.356883 0.370112 0.355385 0.360692 0.356306 0.35689 0.358635 0.354298 0.35713 0.355368 0.352601 0.356906 0.356013 0.358332 0.354216 0.358651 0.355949 0.357058 0.359395 0.354843 0.354777 0.356812 0.357337 0.350534 0.356551 0.352831 0.356917 0.361569 0.356785 0.354566 0.35055 0.361363 ]
  j = 22: [ 0.743479 0.748518 0.753085 0.743308 0.744581 0.739206 0.739006 0.738117 0.862196 0.741962 0.729345 0.732212 0.731093 0.736924 0.720802 0.730181 0.727053 0.719083 0.801456 0.724627 0.708348 0.708491 0.712469 0.710463 0.714127 0.709529 0.725757 0.751525 0.727286 0.72111 0.719597 0.716719 0.718669 0.719304 0.721742 0.705789 0.742438 0.7628 0.709025 0.733626 0.720557 0.712644 0.721478 0.72137 0.721947 0.714832 0.725065 0.738364 0.718549 0.706911 ]
i = 14
  j = 16: [ 0.0270518 0.0260713 0.0223798 0.0224641 0.0222021 0.0233496 0.0224938 0.0227084 0.0230464 0.0226365 0.0226101 0.0243372 0.0228388 0.0258749 0.022693 0.022898 0.0227681 0.0228617 0.0226695 0.0227817 0.0229192 0.0226911 0.0226975 0.0224513 0.0225253 0.0229458 0.0226893 0.0229358 0.02265 0.0227598 0.0229661 0.0230663 0.0229294 0.0226278 0.0221849 0.0232797 0.0234423 0.0231317 0.022573 0.0227843 0.0229749 0.0226942 0.0231111 0.0225854 0.0227706 0.0227797 0.0228774 0.0228958 0.0234245 0.0227206 ]
  j = 17: [ 0.0294468 0.0292549 0.0295424 0.0288603 0.0300173 0.030357 0.0300429 0.0295146 0.0293168 0.0289824 0.0295784 0.0298683 0.0293195 0.0309601 0.0290723 0.0291064 0.028815 0.0317907 0.0308482 0.0288608 0.0299274 0.0286607 0.0291758 0.0288656 0.0298648 0.029013 0.0303897 0.0318493 0.0286672 0.0295081 0.0282133 0.0298805 0.0284293 0.0298401 0.0293099 0.0295011 0.0294828 0.0293824 0.0301908 0.0304953 0.031868 0.0308604 0.0287136 0.0297555 0.0303173 0.0291761 0.0294066 0.0290317 0.0313069 0.0295685 ]
  j = 18: [ 0.0450366 0.0476834 0.045689 0.0460719 0.0469181 0.0452998 0.0464072 0.0450582 0.0457969 0.0447187 0.0446849 0.0446865 0.0489057 0.0460395 0.0443435 0.043564 0.0449048 0.0475263 0.0446876 0.042623 0.0441683 0.0458051 0.0447198 0.0494767 0.0450384 0.0672786 0.0447535 0.0458118 0.0458756 0.045335 0.0451612 0.0440148 0.0493894 0.048385 0.043839 0.0440922 0.0443726 0.0467639 0.0488887 0.04708 0.0439612 0.049549 0.0459862 0.0468516 0.0443356 0.0455795 0.0459411 0.0460303 0.0465082 0.0444742 ]
  j = 19: [ 0.089018 0.0911572 0.0858996 0.0900712 0.0890617 0.0897641 0.0913221 0.0876058 0.105354 0.0893292 0.0851585 0.0873267 0.0897322 0.088671 0.0870356 0.0884006 0.0882024 0.0916171 0.0873918 0.0892866 0.0905959 0.0842209 0.0850119 0.0892652 0.0872577 0.0888403 0.0889399 0.0899127 0.0883351 0.0892669 0.0895909 0.0883318 0.0883597 0.0893402 0.0864024 0.107702 0.086943 0.0873189 0.0890423 0.0923469 0.0882752 0.0843301 0.0859132 0.0857918 0.0917504 0.0858521 0.0888234 0.0853087 0.0889892 0.088825 ]
  j = 20: [ 0.184558 0.178005 0.180802 0.179984 0.185313 0.180303 0.178752 0.232289 0.186072 0.182683 0.180963 0.185924 0.186851 0.187867 0.185042 0.188175 0.183198 0.179546 0.185844 0.18228 0.223157 0.189401 0.19067 0.186722 0.177579 0.18956 0.184996 0.186022 0.186282 0.182885 0.180199 0.188962 0.188417 0.180202 0.180864 0.187152 0.183812 0.184097 0.182639 0.181432 0.180476 0.185527 0.179499 0.179721 0.186358 0.185658 0.188631 0.189063 0.179628 0.179988 ]
  j = 21: [ 0.380801 0.380703 0.38227 0.371336 0.361129 0.361201 0.371581 0.3663 0.367464 0.361953 0.381099 0.363249 0.374748 0.374428 0.365504 0.372288 0.370528 0.374416 0.371992 0.376412 0.376632 0.367472 0.367047 0.367862 0.372358 0.379923 0.369255 0.370333 0.372654 0.363486 0.365372 0.370944 0.366907 0.367726 0.367655 0.36787 0.378585 0.359023 0.359057 0.362793 0.362574 0.365305 0.360963 0.359638 0.367412 0.36327 0.366961 0.36461 0.367186 0.3613 ]
  j = 22: [ 0.758726 0.810796 0.759827 0.759644 0.759182 0.768734 0.75946 0.771024 0.759527 0.769426 0.750494 0.726756 0.736332 0.745744 0.738847 0.733176 0.746129 0.74519 0.754676 0.760269 0.758039 0.76582 0.749372 0.752215 0.755488 0.743819 0.751738 0.746483 0.743937 0.744825 0.753407 0.777245 0.757865 0.755988 0.754654 0.759183 0.745231 0.738268 0.729024 0.741927 0.751942 0.74527 0.747719 0.756277 0.759831 0.765445 0.759573 0.759274 0.760376 0.753652 ]
Resultados del algoritmo con cola de fibonacci:
i = 10
  j = 16: [ 0.00273185 0.00273437 0.00287049 0.00275426 0.00277447 0.00274956 0.00276154 0.00281145 0.0028196 0.00275025 0.00288801 0.00288452 0.0027651 0.00277407 0.00276622 0.00281284 0.00276752 0.00279251 0.00283168 0.00277821 0.00280027 0.00280817 0.00280459 0.00278518 0.00282424 0.00276101 0.002764 0.00279525 0.00280088 0.00298217 0.00281018 0.00281385 0.00281726 0.00277028 0.00281918 0.00277973 0.00285316 0.00277961 0.00298833 0.00277634 0.002766 0.0027982 0.00280198 0.00276122 0.00281903 0.00281763 0.00279188 0.00275861 0.00280495 0.00285701 ]
  j = 17: [ 0.00428016 0.00426517 0.00452569 0.00453992 0.00437147 0.00433205 0.00431381 0.00428927 0.00427793 0.00423798 0.00424044 0.00426084 0.00425125 0.0043077 0.00437656 0.00443427 0.00426563 0.00427164 0.00424861 0.00431072 0.00425793 0.00430914 0.00428991 0.00427767 0.00427102 0.0042868 0.00425898 0.0042729 0.00426616 0.00430312 0.00426726 0.00431794 0.0042078 0.00428038 0.00423149 0.00441323 0.00430208 0.00459902 0.00431427 0.0042814 0.0042441 0.00422493 0.00421151 0.00426975 0.00423908 0.00429174 0.00424974 0.00460697 0.00426555 0.00429692 ]
  j = 18: [ 0.0071576 0.0072741 0.0072113 0.00722542 0.00716314 0.00717111 0.00736328 0.00731357 0.00710161 0.00720385 0.00715539 0.00728862 0.00713082 0.00717808 0.00726322 0.00710008 0.00718999 0.00711844 0.00710665 0.00712246 0.00717246 0.00713358 0.00712218 0.00712691 0.00711397 0.00724745 0.00719007 0.00713795 0.00717696 0.00725888 0.0072268 0.00719506 0.00726595 0.00737569 0.0074569 0.0073217 0.0072485 0.007197 0.00721718 0.00723573 0.00724922 0.00721387 0.00724312 0.00725075 0.00719589 0.00718358 0.00714684 0.00708594 0.00714723 0.00707189 ]
  j = 19: [ 0.012658 0.0129765 0.0126785 0.0126738 0.012729 0.0126785 0.0125591 0.0127282 0.0126501 0.0127349 0.0144356 0.0126534 0.012716 0.0127552 0.0126601 0.0127782 0.0127019 0.0126802 0.0128494 0.012704 0.0126484 0.0126794 0.012636 0.0131209 0.012671 0.0126475 0.0128062 0.0127101 0.0126959 0.0126537 0.0126868 0.0126577 0.0126679 0.0126969 0.0128749 0.0127478 0.012872 0.0127505 0.0126979 0.0126695 0.012666 0.0127778 0.0127988 0.0127353 0.0127248 0.0130059 0.0127801 0.0130924 0.0130167 0.0128074 ]
  j = 20: [ 0.0127324 0.0127523 0.0131295 0.0128474 0.0129971 0.0127049 0.0127163 0.0130096 0.0128524 0.0128697 0.0129692 0.0130142 0.0131448 0.0131003 0.0128288 0.0128828 0.0128109 0.012852 0.0131824 0.0127184 0.0128306 0.0128731 0.0127303 0.0131573 0.0129836 0.0130481 0.0128893 0.0126544 0.0126038 0.0127776 0.0127742 0.0128827 0.0128792 0.0128116 0.0127252 0.0128496 0.0131298 0.0126093 0.0127296 0.0126714 0.0127644 0.0130999 0.0132207 0.0256098 0.0131493 0.0127006 0.0127608 0.0130568 0.0130585 0.0130709 ]
  j = 21: [ 0.0131631 0.0132988 0.0130393 0.0134313 0.0128043 0.0128185 0.0131467 0.0131308 0.0142882 0.0131591 0.0130362 0.0126899 0.0126327 0.0126429 0.0128824 0.0126876 0.0130178 0.0126788 0.0126606 0.0127077 0.0126222 0.0126621 0.0127153 0.0137194 0.0126871 0.0127069 0.0126244 0.0127283 0.0127076 0.0126203 0.01303 0.0126492 0.0128321 0.0126693 0.0126599 0.0127186 0.0126973 0.0126615 0.0128189 0.012656 0.012824 0.0126766 0.0129142 0.0129205 0.0126607 0.0130459 0.01313 0.0126666 0.0130512 0.012874 ]
  j = 22: [ 0.0127333 0.0126887 0.0126673 0.0129224 0.0130861 0.013005 0.013123 0.0130139 0.0172599 0.0130263 0.0129878 0.0133723 0.0130007 0.0130393 0.0128938 0.0155126 0.0131299 0.0128234 0.0134404 0.0131116 0.0132243 0.013077 0.0130286 0.0129646 0.0131125 0.0130648 0.013083 0.0130652 0.0130126 0.013419 0.0130992 0.0131167 0.0136448 0.0134443 0.0135434 0.0132421 0.0183024 0.0130145 0.0129821 0.012942 0.0130405 0.013125 0.0135801 0.0129862 0.0132213 0.013148 0.0144673 0.0136125 0.0130508 0.0130914 ]
i = 12
  j = 16: [ 0.00751789 0.00758007 0.00754614 0.00750591 0.00733828 0.00742809 0.00783614 0.00738048 0.00742715 0.00740169 0.00733641 0.00733812 0.00733031 0.00734971 0.0073288 0.0073467 0.0073783 0.00731336 0.00731973 0.00738362 0.00740662 0.00733618 0.00734778 0.00730646 0.00727645 0.00772922 0.00730565 0.00738179 0.00733295 0.00734494 0.00741983 0.00736894 0.0073994 0.00740952 0.00741569 0.00743464 0.00743503 0.0077774 0.00734942 0.00741585 0.00752062 0.00753003 0.00741076 0.00735429 0.00739116 0.00727095 0.00734543 0.00740397 0.00736257 0.00730584 ]
  j = 17: [ 0.00952609 0.00909695 0.00933498 0.00913962 0.00917092 0.00914088 0.00931563 0.00918066 0.00925046 0.0092678 0.00980952 0.00931785 0.00917944 0.00893963 0.00915337 0.00915183 0.00891647 0.00879337 0.00897588 0.00904399 0.0089854 0.00891727 0.00892336 0.00986014 0.00934584 0.00935378 0.00909959 0.00904105 0.00909672 0.00916164 0.00915664 0.00905419 0.00922817 0.00920464 0.0091274 0.00906683 0.00916849 0.0091352 0.00892843 0.00896487 0.00896766 0.00947518 0.00907703 0.00897072 0.00909499 0.00906256 0.00900198 0.00895275 0.00922272 0.00903307 ]
  j = 18: [ 0.0131595 0.0125122 0.0127524 0.0124934 0.0127987 0.0129358 0.0128313 0.0129582 0.0129863 0.0127779 0.0128738 0.0128854 0.0129337 0.0129393 0.012842 0.0128297 0.0128873 0.0127618 0.0129724 0.0128196 0.0126638 0.0132114 0.0127135 0.0131319 0.0125402 0.0124938 0.0127661 0.0128855 0.0126059 0.0126239 0.0127099 0.0128328 0.0127478 0.0128528 0.0129191 0.0126976 0.0128352 0.0127215 0.0130299 0.0126477 0.0125702 0.0123049 0.0127867 0.013004 0.0128951 0.0127884 0.0127817 0.0128129 0.0130383 0.0128352 ]
  j = 19: [ 0.0189646 0.0191561 0.0189848 0.019559 0.0190547 0.0190096 0.0183975 0.0184456 0.0184724 0.0183666 0.0183921 0.018449 0.0184331 0.0189495 0.0190376 0.0191435 0.019305 0.0191322 0.0192192 0.0190648 0.0190555 0.0192998 0.0184594 0.0187991 0.0186307 0.018826 0.0184715 0.0185192 0.0196129 0.0191236 0.019523 0.0184973 0.0184759 0.0186896 0.0185743 0.0185177 0.0185842 0.0186537 0.0185267 0.0194027 0.0185969 0.0189347 0.0185577 0.0188263 0.0186044 0.0190927 0.0188121 0.0191269 0.0185663 0.0185411 ]
  j = 20: [ 0.0301932 0.0301451 0.0299231 0.0299096 0.0298708 0.0300781 0.0303323 0.0301724 0.0302934 0.0301493 0.0302971 0.0300383 0.0303483 0.0304303 0.0304781 0.0309671 0.0304896 0.0309538 0.0300494 0.0301699 0.0305936 0.0301577 0.0308245 0.0301797 0.0301531 0.03027 0.0302351 0.0303418 0.0309114 0.0304132 0.030504 0.0304443 0.0313306 0.0304643 0.0303311 0.0304917 0.0304789 0.0305804 0.0301458 0.0303605 0.0303073 0.0301484 0.0301456 0.0299792 0.0301318 0.0302823 0.0301779 0.0299548 0.0302953 0.0309305 ]
  j = 21: [ 0.0532556 0.0533681 0.05394 0.0535001 0.053549 0.052719 0.0525744 0.0526639 0.0520267 0.0530972 0.0517494 0.0525513 0.0519836 0.0516949 0.05262 0.052516 0.05298 0.0529059 0.053386 0.0552171 0.0529446 0.0543803 0.0526352 0.0527642 0.0528832 0.0534921 0.0531177 0.053043 0.0535346 0.0531198 0.0533824 0.0526259 0.0531302 0.0524665 0.0528574 0.0529884 0.0524741 0.0537163 0.0534615 0.0531906 0.0532115 0.0531469 0.0529333 0.0527961 0.0527053 0.0527932 0.0535634 0.0533929 0.0535447 0.0529693 ]
  j = 22: [ 0.0999336 0.0977567 0.0982362 0.0967681 0.0968818 0.0973859 0.0965729 0.0971807 0.10243 0.0972031 0.0969007 0.0963881 0.0969767 0.0966111 0.0973341 0.0965719 0.0966761 0.0974109 0.0961826 0.0978461 0.0967395 0.0969621 0.0970981 0.0968307 0.0977516 0.0978878 0.0976428 0.0985215 0.0971659 0.096862 0.0969943 0.0969315 0.0967204 0.0969855 0.096584 0.0972822 0.096871 0.0981472 0.0971427 0.0975554 0.097058 0.0967811 0.097777 0.0964628 0.0966452 0.0970137 0.0962686 0.0998479 0.0967962 0.0968545 ]
i = 14
  j = 16: [ 0.0265478 0.0302536 0.0284616 0.0260021 0.0259445 0.0265732 0.0261294 0.0262753 0.0266049 0.0263814 0.0267006 0.0268171 0.0278538 0.0294334 0.0262571 0.026538 0.0262597 0.0271445 0.0261476 0.0286544 0.0265111 0.0261732 0.0261199 0.0261379 0.0263719 0.0265153 0.0262357 0.0278961 0.0269344 0.0264309 0.0266681 0.0267411 0.0275873 0.026433 0.0256716 0.0269185 0.0273237 0.026909 0.0263506 0.0260923 0.0263484 0.0264713 0.0264591 0.0261497 0.02615 0.026271 0.0264394 0.0265822 0.0269921 0.0262238 ]
  j = 17: [ 0.0308508 0.030424 0.0303636 0.0297079 0.0297874 0.0312104 0.0300058 0.0300096 0.0304674 0.029926 0.0303149 0.0310963 0.0313998 0.0311914 0.0299462 0.0302238 0.030677 0.0310917 0.0310794 0.0304023 0.030225 0.0296279 0.0302863 0.0300451 0.0317946 0.0301846 0.0303697 0.0305373 0.030438 0.0303616 0.0291001 0.0314105 0.0334933 0.0304127 0.0300166 0.030042 0.0299638 0.0295937 0.0312091 0.0299219 0.0302778 0.0322529 0.0301489 0.030308 0.0306108 0.0302449 0.0305743 0.030435 0.0301935 0.0315118 ]
  j = 18: [ 0.0355449 0.0359482 0.0357733 0.0364392 0.0361223 0.0367341 0.0361093 0.0355165 0.03648 0.0352476 0.0359654 0.0355137 0.0367974 0.0360136 0.036206 0.0355614 0.0365139 0.0370504 0.0356716 0.0343914 0.0361677 0.0365684 0.0354307 0.0363757 0.0352496 0.0382638 0.0357555 0.0351627 0.0357445 0.0361655 0.0352247 0.0385969 0.03548 0.036643 0.0360831 0.0351514 0.0359767 0.035968 0.03632 0.0363227 0.036042 0.0361595 0.0358343 0.0355651 0.0367715 0.0352607 0.0357303 0.0357627 0.0361669 0.0357533 ]
  j = 19: [ 0.0450652 0.0431215 0.0441045 0.0447552 0.0436365 0.0434677 0.044234 0.0440121 0.0459428 0.0446993 0.0438241 0.0431423 0.0442712 0.0438319 0.0433056 0.0435851 0.0441914 0.0439881 0.0428941 0.0442968 0.044085 0.0431778 0.0435847 0.0438957 0.0434751 0.0442071 0.0453151 0.0445598 0.043345 0.0437124 0.0454992 0.0441256 0.0440776 0.0445808 0.0441357 0.0445622 0.0447622 0.0432998 0.0429133 0.043294 0.0437435 0.0431445 0.0432601 0.043083 0.0440713 0.0439314 0.0435462 0.0432828 0.0437219 0.0436388 ]
  j = 20: [ 0.0584641 0.0593088 0.0586186 0.0583825 0.0584373 0.0573482 0.05746 0.0581768 0.0580538 0.05918 0.0594152 0.0581144 0.0586736 0.0594642 0.0585636 0.059333 0.0586179 0.0584929 0.0602376 0.058179 0.0678082 0.0600447 0.0586378 0.0605873 0.0580803 0.0611796 0.0588222 0.0600049 0.0599195 0.0592258 0.0590963 0.0592433 0.0594646 0.0602202 0.0590825 0.0608413 0.0608274 0.0584507 0.0586618 0.0587351 0.0579615 0.0592344 0.058757 0.0590029 0.0601285 0.0601754 0.0599601 0.0622755 0.0592172 0.060462 ]
  j = 21: [ 0.0852117 0.0868521 0.0856307 0.0829655 0.0857651 0.0838697 0.0823123 0.0827792 0.0850107 0.0837422 0.0846404 0.0822429 0.0846507 0.0847232 0.0842546 0.0858928 0.0825666 0.0837671 0.0839434 0.0835606 0.0849702 0.0847673 0.0835684 0.0836232 0.0843413 0.0847019 0.085541 0.0856294 0.0887344 0.0826628 0.0832692 0.0838999 0.0833004 0.0837239 0.0857319 0.0829244 0.0871412 0.0823975 0.0835173 0.0840208 0.0843727 0.0832151 0.0832763 0.0830764 0.0835218 0.082687 0.084 0.0825819 0.0843496 0.0846567 ]
  j = 22: [ 0.132387 0.131965 0.131653 0.134762 0.132674 0.133307 0.134795 0.135348 0.131963 0.130757 0.133452 0.128271 0.131994 0.131706 0.131865 0.130494 0.129531 0.140633 0.13577 0.130139 0.132155 0.132448 0.131593 0.131807 0.135422 0.133033 0.131288 0.131896 0.129834 0.131481 0.130861 0.130247 0.132786 0.131391 0.130257 0.132182 0.128409 0.12994 0.130834 0.129561 0.142198 0.12989 0.130355 0.130485 0.13157 0.132742 0.133439 0.135423 0.135095 0.135536 ]
